[header]
width=48
height=16
tilewidth=16
tileheight=16
orientation=orthogonal
background_color=0,0,0,255

[tilesets]
tileset=../../CS3113/assets/sprite_sheets/arne_sprites.png,16,16,0,0

[layer]
type=Tile Layer 1
data=
0,0,0,0,0,0,0,0,0,0,0,0,0,0,0,0,0,0,0,0,0,0,52,0,0,0,0,0,0,0,0,0,0,0,0,0,52,0,0,0,0,0,0,0,0,0,0,0,
0,0,0,0,0,0,0,0,0,0,0,0,0,0,0,0,0,0,0,0,0,0,4,52,0,0,0,52,0,0,0,52,0,0,0,52,4,0,0,0,0,0,0,0,0,0,0,0,
0,116,0,0,0,0,0,0,0,0,0,0,0,0,116,0,0,0,0,0,0,0,0,0,52,0,52,0,52,0,52,0,52,0,52,0,0,0,0,0,0,0,0,0,0,0,0,0,
0,0,0,0,0,97,98,0,0,0,0,0,0,0,0,0,0,0,0,0,0,52,0,0,0,52,0,0,0,52,0,0,0,52,97,98,0,52,0,0,0,0,0,113,0,0,0,0,
94,95,0,0,0,0,0,0,0,0,0,0,0,0,0,0,0,0,0,0,52,0,52,97,98,4,0,0,52,0,52,0,0,4,0,0,52,0,52,0,114,115,0,0,0,0,0,0,
123,123,0,0,0,0,0,0,0,0,114,115,0,0,0,0,0,0,0,52,0,0,0,52,0,0,0,52,4,4,4,52,0,0,0,52,0,0,0,52,0,0,0,0,0,0,0,0,
90,107,0,0,0,0,0,0,0,0,0,0,0,0,0,0,0,0,52,4,4,0,0,0,52,0,52,0,4,87,4,0,52,0,52,0,116,0,4,4,52,0,0,0,0,0,0,0,
123,125,0,0,0,0,0,0,0,0,0,0,0,0,0,0,0,52,0,0,0,0,0,0,0,52,0,116,4,4,4,0,0,52,0,0,0,0,0,0,0,52,0,0,0,0,0,0,
106,106,0,0,0,0,0,0,0,0,0,0,0,0,0,0,52,0,0,0,0,0,52,0,4,4,4,0,0,0,0,0,4,4,4,0,52,0,0,0,0,0,52,0,0,0,0,0,
123,111,0,0,0,0,0,0,0,0,0,0,0,0,0,104,4,4,4,0,0,0,4,0,0,0,0,0,0,0,0,0,0,0,0,0,4,0,0,0,4,4,4,52,0,0,0,0,
106,123,126,117,118,0,0,0,0,0,0,0,0,0,119,120,0,0,0,0,0,0,0,0,0,0,0,0,0,0,0,0,0,0,0,0,0,0,0,0,0,0,0,0,52,0,0,0,
17,17,20,2,17,19,20,101,102,101,18,19,20,2,19,18,101,101,101,101,101,101,101,101,101,101,101,101,101,101,101,101,101,101,101,101,101,101,101,101,101,101,101,17,17,18,18,18,
33,34,34,35,34,34,34,33,33,35,35,35,35,34,34,33,33,35,35,33,34,33,34,34,34,33,33,34,33,33,33,34,34,34,34,34,34,34,34,34,33,33,34,33,33,33,34,33,
34,33,34,34,33,35,34,34,34,34,33,34,35,33,36,35,34,34,35,35,35,35,33,33,33,34,34,34,34,35,33,35,35,35,35,33,35,35,33,33,33,34,33,35,35,33,33,33,
36,34,33,34,34,33,35,36,33,34,34,35,33,34,35,35,33,33,34,34,33,33,35,35,35,35,35,33,34,34,34,34,34,33,33,35,33,33,35,35,34,35,33,33,35,33,34,35,
33,35,35,36,35,34,34,36,34,35,34,35,36,36,35,33,33,34,33,33,34,34,35,33,33,33,35,35,35,33,35,35,35,33,35,35,35,34,33,33,34,33,35,33,35,33,33,33

[enemies]
# enemy1
type=enemy
location=11,10,1,1

[enemies]
# enemy2
type=enemy
location=46,10,1,1

[player]
# player
type=player
location=3,10,1,1

